1 62134 0 24965 0 45468 0 554678 0 35478 0 4456 0
2 865458 0 8974 0 4467 0 3578 0 12234 0 54546 0
3 56235 0 3547 0 45468 0 3467 0 8974 0 4456 0
4 12234 0 4467 0 62134 0 54546 0 3547 0 24965 0
5 3467 0 3578 0 35478 0 865458 0 56235 0 554678 0
6 3547 0 4467 0 4456 0 3578 0 554678 0 62134 0
7 3467 0 12234 0 56235 0 54546 0 24965 0 8974 0
8 35478 0 865458 0 3547 0 45468 0 554678 0 12234 0
9 24965 0 3467 0 865458 0 3578 0 4456 0 8974 0
10 35478 0 62134 0 45468 0 56235 0 54546 0 4467 0
11 56235 0 3578 0 24965 0 4467 0 45468 0 3467 0
12 12234 0 8974 0 35478 0 62134 0 865458 0 3547 0
13 54546 0 554678 0 3467 0 4456 0 12234 0 24965 0
14 3547 0 554678 0 8974 0 35478 0 56235 0 4467 0
15 62134 0 54546 0 4456 0 3578 0 865458 0 45468 0
16 554678 0 4467 0 24965 0 865458 0 62134 0 8974 0
17 54546 0 35478 0 45468 0 3578 0 3547 0 3467 0
18 4456 0 56235 0 45468 1 12234 0 865458 1 3547 1

