1 8062 0 9893 0 7068 0 1780 0 6143 0 4957 0
2 7706 0 1635 0 5018 0 4859 0 2755 0 3767 0
3 5866 0 4474 0 2868 0 4412 0 9434 0 5994 0
4 7833 0 3293 0 1689 0 6276 0 3732 0 4993 0
5 8580 0 3492 0 5226 0 4330 0 3670 0 5511 0
6 1574 0 6761 0 3124 0 6428 0 9008 0 8928 0
7 9527 0 8018 0 2261 0 8681 0 4779 0 5833 0
8 8495 0 9200 0 9214 0 8666 0 8859 0 5157 0
9 9329 0 8502 0 6257 0 7935 0 7472 0 6866 0
10 2004 0 8483 0 2653 0 8485 0 6183 0 9199 0
11 8819 0 2213 0 4019 0 4190 0 7432 0 2868 0
12 8580 0 8681 0 9434 0 7706 0 3492 0 1780 0
13 8666 0 1689 0 2755 0 1574 0 5226 0 9527 0
14 4779 0 8502 0 8495 0 6761 0 4993 0 5994 0
15 6183 0 6143 0 9214 0 6257 0 5866 0 2261 0
16 5511 0 6276 0 8062 0 8819 0 8485 0 1635 0
17 8483 0 6866 0 5833 0 5157 0 4412 0 7833 0
18 7432 0 2653 0 7935 0 5018 0 8928 0 4474 0
19 3767 0 8859 0 9199 0 4330 0 8018 0 4190 0
20 6428 0 9329 0 9893 0 3670 0 3293 0 9200 0
21 7472 0 4859 0 7068 0 2213 0 9008 0 2004 0
22 3732 0 3124 0 1635 0 4957 0 4019 0 3492 0
23 5226 0 4474 0 8485 0 9214 0 8819 0 1780 0
24 6143 0 6761 0 8580 0 2653 0 8859 0 6866 0
25 2261 0 8062 0 8666 0 3293 0 4993 0 7935 0
26 4190 0 6428 0 7706 0 7472 0 5866 0 6276 0
27 8018 0 1574 0 4019 0 7068 0 6257 0 5157 0
28 7833 0 9199 0 4779 0 7432 0 9434 0 9200 0
29 9329 0 5833 0 2213 0 6183 0 2755 0 3124 0
30 2868 0 9008 0 5511 0 8483 0 3767 0 4957 0
31 5018 0 8502 0 2004 0 1689 0 9893 0 4412 0
32 8681 0 3732 0 8928 0 8495 0 4859 0 4330 0
33 3670 0 9199 0 7472 0 9527 0 5994 0 4019 0
34 7706 0 4993 0 1574 0 8485 0 6143 0 2213 0
35 6866 0 1780 0 6276 0 2261 0 7432 0 2755 0
36 9008 0 5833 0 8580 0 9200 0 8502 0 4474 0
37 8681 0 5866 0 8666 0 1635 0 6761 0 9893 0
38 9434 0 3124 0 9214 0 8062 0 8495 0 4190 0
39 4957 0 5226 0 5994 0 7833 0 4859 0 7935 0
40 3492 0 6183 0 1689 0 6428 0 8018 0 2868 0
41 6257 0 3767 0 4412 0 8819 0 3732 0 3670 0
42 5018 0 7068 0 9527 0 8483 0 9329 0 8859 0
43 4779 0 8928 0 2004 0 5157 0 5511 0 3293 0
44 4330 0 9200 0 2755 0 2653 0 4019 0 8485 0
45 3492 0 9214 0 9893 0 4859 0 6276 0 1574 0
46 3670 0 1780 0 1635 0 8502 0 2868 0 5833 0
47 9199 0 4957 0 4993 0 6428 0 5018 0 6866 0
48 7432 0 2004 0 8859 0 3124 0 8681 0 6257 0
49 8018 0 2213 0 8483 0 8580 0 2261 0 5994 0
50 3732 0 6183 0 5157 0 9527 0 8062 0 6761 0
51 4474 0 1689 0 5511 0 7833 0 7706 0 8495 0
52 2653 0 4412 0 8666 0 7472 0 9329 0 4779 0
53 7935 0 6143 0 8819 0 9008 0 4330 0 9434 0
54 3293 0 5226 0 8928 0 3767 0 7068 0 5866 0
55 4190 0 2261 0 6276 0 4957 0 3670 0 2004 0
56 6428 0 9199 0 5157 0 4474 0 2755 0 6257 0
57 1780 0 5018 0 8018 0 3124 0 8666 0 7833 0
58 9008 0 6866 0 7706 0 9893 0 4779 0 3732 0
59 7472 0 2868 0 6761 0 9214 0 4330 0 3293 0
60 9200 0 8819 0 4993 0 6183 0 7068 0 8681 0
61 9329 0 7432 0 3767 0 8495 0 3492 0 6143 0
62 4412 0 9527 0 1635 0 8485 0 8580 0 7935 0
63 8859 0 9434 0 5226 0 8928 0 2213 0 8502 0
64 5994 0 1574 0 4190 0 2653 0 5511 0 5833 0
65 1689 0 4859 0 4019 0 5866 0 8483 0 8062 0
66 2755 0 7833 0 3670 0 9214 0 8681 0 9008 0
67 8495 0 7935 0 9893 0 8580 0 2868 0 9199 0
68 2261 0 7068 0 8485 0 9434 0 6761 0 6428 0
69 2213 0 6257 0 5511 0 5018 0 6276 0 9200 0
70 7432 0 4412 0 3293 0 4859 0 7706 0 8018 0
71 4993 0 5866 0 4330 0 9329 0 2004 0 1780 0
72 4779 0 4474 0 4019 0 8859 0 1574 0 6183 0
73 4190 0 3732 0 6143 0 8483 0 5226 0 1635 0
74 4957 0 5833 0 5157 0 1689 0 8819 0 7472 0
75 6866 0 5994 0 8666 0 3492 0 8062 0 8928 0
76 3124 0 9527 0 3767 0 2653 0 8502 0 9893 1

