1 35478 0 12234 0 4456 0 45468 0
2 4467 0 54546 0 3547 0 3467 0
3 62134 0 865458 0 24965 0 554678 0
4 8974 0 56235 0 3578 0 54546 0
5 3547 0 12234 0 24965 0 35478 0
6 8974 0 3467 0 56235 0 62134 0
7 554678 0 3578 0 4456 0 4467 0
8 45468 0 54546 0 865458 0 35478 0
9 8974 0 4456 0 3547 0 554678 0
10 3578 0 56235 0 62134 0 12234 0
11 4467 0 3467 0 24965 0 45468 0
12 865458 0 54546 0 3547 0 3578 0
13 62134 0 4456 0 45468 0 4467 0
14 35478 0 3467 0 12234 0 8974 0
15 24965 0 56235 0 554678 0 865458 0
16 4467 0 62134 0 35478 0 8974 0
17 3547 0 24965 0 554678 0 45468 0
18 3578 0 865458 0 4456 0 3467 0
19 56235 0 12234 0 54546 0 3547 0
20 45468 0 3578 0 24965 0 8974 0
21 554678 0 62134 0 12234 0 54546 0
22 35478 0 4467 0 865458 0 56235 0
23 4456 0 3547 0 3467 0 62134 0
24 12234 0 865458 0 8974 0 4467 0
25 24965 0 4456 0 54546 0 56235 0
26 554678 0 35478 0 3467 0 3578 0
27 45468 0 8974 1 56235 1 54546 1

