1 1137 0 346 0 540 0 122 0 539 0 1262 0
2 3939 0 619 0 1086 0 1885 0 384 0 2998 0
3 2363 0 1610 0 2106 0 422 0 4286 0 539 0
4 122 0 2998 0 619 0 2363 0 346 0 4286 0
5 1086 0 1262 0 384 0 422 0 3939 0 2106 0
6 1885 0 540 0 3939 0 1137 0 1610 0 422 0
7 4286 0 1086 0 1137 0 122 1 1610 0 346 0
8 539 0 384 0 2106 0 540 0 2363 0 1262 0
9 619 0 1885 0 422 0 2998 0 539 0 4286 0
10 1262 0 346 0 619 0 3939 0 1610 0 2998 0
11 1885 0 122 0 2363 0 2106 0 1086 0 540 0
12 384 0 422 0 346 0 1137 0 619 0 2363 0
13 1610 0 4286 0 1885 0 540 0 384 0 122 0
14 3939 0 1137 0 539 0 2106 0 2998 0 1262 0
15 422 0 2998 0 540 0 1086 0 346 0 1885 0
16 4286 0 3939 0 1262 0 2363 0 539 0 1086 0
17 1137 0 122 0 2106 0 1610 0 384 0 619 0
18 540 0 1610 0 539 0 122 0 3939 0 346 0
19 2106 0 619 0 4286 0 1262 0 1137 0 1885 0
20 2998 0 2363 0 384 0 1086 0 422 0 122 0
